 Done! 

model =

  scalar structure containing the fields:

    X =

      -1.5899e-001  4.2398e-001
      -3.4793e-001  4.7076e-001
      -5.0461e-001  3.5380e-001
      -5.9677e-001  1.1403e-001
      -5.1843e-001  -1.7252e-001
      -5.7604e-002  1.4328e-001
      -2.9724e-001  3.4795e-001
      -4.1705e-001  2.0175e-001
      -4.4009e-001  8.7719e-003
      -3.2488e-001  -3.2164e-002
      -2.4654e-001  5.5556e-002
      -3.4332e-001  1.6082e-001
      -5.0922e-001  7.8947e-002
      -3.8479e-001  -9.0643e-002
      -1.4977e-001  1.2573e-001
      -1.9585e-001  3.2456e-001
      -3.9170e-002  -2.1930e-001
      -1.0830e-001  -3.0117e-001
      -1.8664e-001  -3.3041e-001
      -2.1889e-001  -4.2398e-001
      -8.0645e-002  -5.6433e-001
      6.6820e-002  -5.1754e-001
      9.4470e-002  -3.2456e-001
      1.8664e-001  -1.6667e-001
      6.2212e-002  -7.3099e-002
      2.0737e-002  -1.9591e-001
      2.9954e-002  -3.4210e-001
      -9.9078e-002  -3.7719e-001
      -6.9124e-003  -4.6491e-001
      1.3134e-001  -4.2983e-001
      2.3272e-001  -1.9591e-001
      -1.3134e-001  -2.3684e-001
      2.3042e-003  -1.2573e-001
      1.2212e-001  -2.9240e-003
      -3.4793e-001  -3.1287e-001
      -2.2811e-001  -1.2573e-001
      -7.6037e-002  1.4620e-002
      4.3779e-002  2.0468e-002
      1.1521e-002  1.5497e-001
      -4.1705e-001  -1.6082e-001
      1.2673e-001  -2.1930e-001
      2.0507e-001  -3.1287e-001
      2.1889e-001  -4.5906e-001
      7.1429e-002  -6.4620e-001
      -1.3134e-001  -6.0526e-001
      -2.0968e-001  -5.8187e-001
      -1.4516e-001  -4.1228e-001
      -6.6820e-002  -4.8246e-001
      1.3595e-001  -5.1170e-001
      2.6959e-001  -4.0643e-001
      2.9724e-001  -2.9532e-001
      2.7419e-001  -1.7252e-001
      2.5576e-001  -4.9708e-002
      2.2350e-001  -4.9708e-002
      1.8203e-001  -8.4795e-002
      1.5899e-001  -1.5497e-001
      7.1429e-002  -2.1345e-001
      1.6129e-002  -2.6608e-001
      -2.5346e-002  -3.8304e-001
      -2.3042e-003  -5.0585e-001
      2.5346e-002  -5.1170e-001
      2.5346e-002  -5.5848e-001
      1.1521e-002  -6.5790e-001
      -4.8387e-002  -6.4620e-001
      -8.5253e-002  -5.5263e-001
      -9.9078e-002  -5.0000e-001
      -1.6129e-002  -4.2398e-001
      1.3134e-001  -3.5965e-001
      2.2350e-001  -3.7134e-001
      2.9263e-001  -3.0117e-001
      2.6037e-001  -2.0760e-001
      2.0046e-001  -2.2515e-001
      1.7281e-001  -2.7193e-001
      -1.3134e-001  9.0643e-002
      -2.4194e-001  6.1403e-002
      -3.0184e-001  1.7836e-001
      -2.9724e-001  1.9591e-001
      -2.7419e-001  3.0702e-001
      -3.2488e-001  2.9532e-001
      -3.9862e-001  2.6608e-001
      -4.3548e-001  1.6082e-001
      -4.7235e-001  7.8947e-002
      -3.3871e-001  4.3860e-002
      -2.6959e-001  4.3860e-002
      -2.5576e-001  1.0234e-001
      -1.6820e-001  2.6608e-001
      -1.1290e-001  3.0117e-001
      -3.9170e-002  3.4795e-001
      -1.2673e-001  4.4152e-001
      -2.3272e-001  4.4152e-001
      -3.3871e-001  4.1813e-001
      -4.1244e-001  3.5380e-001
      -5.0922e-001  2.1930e-001
      -5.4148e-001  1.4620e-002
      -5.0461e-001  -1.2573e-001
      -4.9078e-001  -1.4328e-001
      -3.6175e-001  -1.3743e-001
      -2.6959e-001  -8.4795e-002
      -2.2350e-001  -7.8947e-002
      -1.8664e-001  -3.8012e-002
      -1.5438e-001  -8.7719e-003
      -1.1290e-001  5.5556e-002
      -8.5253e-002  1.3743e-001
      -8.5253e-002  2.7778e-001
      -1.6820e-001  3.0117e-001
      -1.9124e-001  1.9591e-001
      -1.4055e-001  -4.9708e-002
      -2.9954e-002  6.7252e-002
      -2.0046e-001  -2.3099e-001
      -1.0830e-001  -8.4795e-002
      3.4562e-002  6.7252e-002
      8.0645e-002  1.1988e-001
      -3.8537e-001  3.3041e-002
      -3.8122e-001  1.3129e-001
      -3.5219e-001  2.5819e-001
      -3.5426e-001  3.6462e-001
      -4.1440e-001  -6.9298e-002
      -4.9942e-001  -3.2456e-002
      -2.9827e-001  -9.7953e-002
      -3.1694e-001  -1.8392e-001
      -3.6878e-001  -2.9035e-001
      -3.5634e-001  -3.9678e-001
      -2.7131e-001  4.3860e-003
      -1.7799e-001  8.6257e-002
      -2.4643e-001  1.4357e-001
      -2.5058e-001  2.2953e-001
      -2.2154e-001  3.7690e-001
      -2.1532e-001  2.9503e-001
      -1.3030e-001  2.1725e-001
      -2.0703e-001  2.8947e-002
      -9.7120e-002  2.1316e-001
      -3.9055e-002  2.5819e-001
      1.9009e-002  4.0146e-001
      -3.6982e-002  4.2193e-001
      -6.3940e-002  3.3187e-001
      -1.3030e-001  3.7690e-001
      -3.7500e-001  -4.3772e-001
      -3.9574e-001  -3.5175e-001
      -3.5426e-001  -2.0848e-001
      -4.3721e-001  -3.7632e-001
      -4.8076e-001  -5.0322e-001
      -4.1025e-001  -4.6637e-001
      -2.4850e-001  -2.5760e-001
      -2.2776e-001  -3.1491e-001
      -2.8376e-001  -3.8450e-001
      -2.9205e-001  -4.5409e-001
      -3.3767e-001  -5.1959e-001
      -2.7753e-001  -5.4825e-001
      -2.0703e-001  -5.3597e-001
      -1.8629e-001  -4.7865e-001
      -1.3237e-001  -5.0731e-001
      -1.7799e-001  -2.9854e-001
      -1.6555e-001  -1.7573e-001
      -1.6141e-001  -1.2661e-001
      3.4562e-004  2.5819e-001
      7.9147e-002  3.5643e-001
      -2.6613e-002  1.8041e-001
      -5.3571e-002  7.8070e-002
      -1.4171e-002  -5.2924e-002
      -7.0161e-002  -1.6345e-001
      -6.3940e-002  -2.9444e-001
      -3.0760e-002  -4.6637e-001
      -5.7719e-002  -5.2778e-001
      -5.3571e-002  -3.9678e-001
      5.2189e-002  -4.1725e-001
      -1.6244e-002  -1.6754e-001
      -6.3940e-002  -8.5672e-002
      -6.1866e-002  -1.6082e-002
      -3.8018e-003  4.3860e-003
      4.1820e-002  2.0497e-001
      7.9147e-002  1.9269e-001
      4.5968e-002  2.5409e-001
      1.1855e-001  1.9269e-001
      1.1025e-001  8.6257e-002
      1.0818e-001  -6.9298e-002
      1.6624e-001  -2.4269e-002
      1.4136e-001  6.5790e-002
      1.4343e-001  1.6813e-001
      1.7039e-001  1.9269e-001
      1.0818e-001  2.9912e-001
      1.1855e-001  3.1959e-001
      1.2684e-001  3.9327e-001
      -8.6751e-002  4.2193e-001
      -4.7350e-002  5.0789e-001
      2.5230e-002  5.2018e-001
      6.2558e-002  5.5292e-001
      -5.8756e-003  4.4240e-001
      -5.1498e-002  5.7339e-001
      -8.0530e-002  5.0789e-001
      -1.5311e-001  5.5292e-001
      -1.1164e-001  5.4883e-001
      -1.6348e-001  4.9152e-001
      -2.5265e-001  -1.8801e-001
      -2.4643e-001  -3.6550e-002
      -3.2108e-001  -4.3363e-001
      -3.3145e-001  -6.0556e-001
      -3.8537e-001  -5.1550e-001
      -3.9988e-001  -6.2193e-001
      -1.2408e-001  -1.2661e-001
      -3.1694e-001  -2.2895e-001
      -2.9412e-001  -1.3479e-001
      -1.5311e-001  1.8450e-001

    y =

       1
       1
       1
       1
       1
       1
       1
       1
       1
       1
       1
       1
       1
       1
       1
       1
      -1
      -1
      -1
      -1
      -1
      -1
      -1
      -1
      -1
      -1
      -1
      -1
      -1
      -1
      -1
       1
       1
       1
      -1
      -1
      -1
      -1
      -1
      -1
      -1
      -1
      -1
      -1
      -1
      -1
      -1
      -1
      -1
      -1
      -1
      -1
      -1
      -1
      -1
      -1
      -1
      -1
      -1
      -1
      -1
      -1
      -1
      -1
      -1
      -1
      -1
      -1
      -1
      -1
      -1
      -1
      -1
       1
       1
       1
       1
       1
       1
       1
       1
       1
       1
       1
       1
       1
       1
       1
       1
       1
       1
       1
       1
       1
       1
       1
       1
       1
       1
       1
       1
       1
       1
       1
       1
       1
       1
       1
      -1
      -1
      -1
      -1
       1
       1
       1
       1
       1
       1
       1
       1
       1
       1
       1
       1
       1
       1
       1
       1
       1
       1
       1
       1
       1
       1
       1
       1
       1
       1
       1
       1
       1
       1
      -1
      -1
      -1
      -1
      -1
      -1
      -1
      -1
      -1
      -1
      -1
      -1
      -1
      -1
      -1
      -1
      -1
      -1
      -1
      -1
      -1
      -1
      -1
      -1
      -1
      -1
      -1
      -1
      -1
      -1
      -1
      -1
      -1
      -1
      -1
      -1
      -1
      -1
      -1
      -1
       1
       1
       1
       1
       1
       1
       1
       1
       1
       1
       1
       1
       1
      -1
       1
       1
       1
       1
      -1
      -1

    kernelFunction =

@(x1, x2) gaussianKernel (x1, x2, sigma)

    b = -0.0090697
    alphas =

      5.4337e-001
      8.6629e-001
      1.0028e+000
      1.0060e+000
      7.2851e-001
      1.3825e+000
      6.2741e-001
      6.7262e-001
      8.2203e-001
      7.8179e-001
      4.1633e-017
      6.2260e-001
      6.3860e-001
      4.1900e-001
      1.1129e+000
      4.1563e-001
      6.1575e-001
      7.7646e-001
      4.6718e-001
      7.8040e-001
      6.9307e-001
      7.3771e-001
      7.3197e-001
      4.2856e-001
      7.7512e-001
      5.0305e-001
      8.2343e-001
      7.0408e-001
      4.3371e-001
      8.8485e-001
      1.9267e-001
      1.2181e+000
      1.4468e+000
      1.4711e+000
      2.5341e+000
      1.1820e+000
      1.0491e+000
      5.5402e-001
      5.9791e-001
      1.1886e+000
      7.3769e-001
      7.2196e-001
      9.2418e-001
      8.8856e-001
      8.9218e-001
      7.4780e-001
      8.0720e-001
      5.8159e-001
      9.1161e-001
      8.2431e-001
      5.5172e-001
      7.1093e-001
      8.1810e-001
      2.5533e-001
      7.1280e-001
      6.2911e-001
      7.1610e-001
      8.4658e-001
      5.1028e-001
      4.7202e-001
      8.4518e-002
      7.6944e-001
      7.6385e-001
      8.7508e-001
      1.3878e-017
      1.6185e-001
      3.8790e-001
      7.3179e-001
      7.4837e-001
      4.3815e-001
      4.6263e-001
      6.1648e-001
      6.4891e-001
      1.3878e-017
      2.4627e-001
      2.3132e-001
      5.5154e-001
      5.8315e-001
      5.5638e-001
      7.5555e-001
      6.8205e-001
      6.6171e-001
      7.3675e-001
      4.3387e-001
      5.8762e-001
      4.2415e-001
      7.0211e-001
      6.9505e-001
      3.5698e-001
      8.9850e-001
      6.9865e-001
      8.9593e-001
      1.0009e+000
      8.7275e-001
      5.6245e-001
      3.3491e-001
      1.0348e+000
      2.0306e-003
      1.1964e+000
      2.0696e-001
      3.7905e-001
      1.4457e+000
      3.6101e-001
      1.1784e-001
      2.8194e-001
      1.8106e+000
      1.3397e+000
      3.8117e+000
      9.0428e-001
      1.9502e+000
      1.0563e+000
      7.2227e-001
      6.7456e-001
      7.2457e-001
      5.8175e-001
      6.3923e-001
      7.7127e-001
      8.5842e-001
      1.8853e+000
      8.5492e-001
      2.4167e+000
      4.6669e-001
      5.2403e-001
      5.1679e-001
      6.4540e-001
      7.1911e-001
      8.0017e-001
      5.0265e-001
      1.6929e+000
      7.1972e-001
      2.6838e-001
      1.6058e+000
      8.1415e-001
      4.4315e-001
      3.7580e-001
      7.4122e-001
      2.6620e-001
      8.4056e-001
      4.8249e-001
      7.6136e-001
      9.8384e-001
      6.6017e-001
      8.4368e-001
      5.8230e-001
      1.0687e+000
      1.8007e+000
      1.2330e+000
      7.7568e-001
      5.9884e-001
      7.0789e-001
      7.0837e-001
      5.2235e-001
      7.5110e-001
      1.8369e+000
      1.4944e+000
      7.8369e-001
      1.2000e+000
      3.8086e+000
      7.9938e-001
      9.6337e-001
      7.0252e-001
      9.3128e-002
      4.0059e-001
      3.5700e-001
      8.7049e-001
      9.9044e-001
      3.7706e-001
      2.2197e-001
      8.3780e-001
      3.7349e-001
      5.5050e-001
      3.8287e-001
      3.6064e-001
      3.0362e-001
      7.7211e-001
      1.2127e+000
      9.0368e-001
      3.9759e-001
      7.1179e-001
      6.7272e-001
      2.8909e-001
      8.6821e-001
      6.2784e-001
      5.8308e-001
      7.5542e-001
      8.1810e-001
      5.2420e-001
      8.7438e-001
      4.7733e-001
      7.1958e-001
      4.9057e-001
      7.9731e-001
      1.3054e+000
      4.0091e-001
      1.8826e+000
      1.0163e+000
      1.2172e+000
      1.0746e+000
      2.6431e+000
      5.1724e-001
      2.1422e+000
      2.6572e+000

    w =

      -16.237
       21.622


sim =   5.3124e-242
predictions =

   1
   1
   0
   0
   0
   0
   0
   1
   1
   1
   1
   1
   1
   0
   1
   0
   0
   1
   0
   0
   0
   0
   0
   1
   0
   0
   0
   0
   1
   0
   0
   0
   0
   0
   1
   1
   1
   0
   0
   0
   0
   1
   0
   1
   0
   1
   1
   0
   0
   1
   0
   1
   1
   1
   1
   1
   1
   1
   1
   0
   0
   0
   0
   1
   0
   1
   1
   0
   1
   1
   1
   1
   0
   1
   0
   1
   0
   1
   0
   1
   0
   0
   0
   1
   0
   0
   1
   1
   0
   0
   0
   1
   1
   1
   1
   0
   1
   1
   0
   0
   1
   1
   0
   1
   0
   1
   1
   1
   1
   0
   1
   0
   0
   1
   0
   1
   0
   1
   0
   0
   0
   0
   0
   0
   0
   0
   0
   1
   1
   1
   1
   0
   1
   0
   1
   1
   0
   0
   1
   1
   0
   0
   0
   0
   0
   0
   1
   0
   0
   1
   0
   0
   1
   0
   0
   1
   0
   1
   1
   0
   0
   0
   1
   0
   0
   0
   0
   0
   1
   1
   0
   0
   0
   0
   1
   0
   0
   0
   0
   1
   0
   0
   1
   1
   1
   0
   0
   0
   0
   1
   0
   0
   1
   1
   1
   0
   0
   0
   0
   1

l =

   0.06000
   0.14500
   0.18000
   0.18000
   0.56500
   0.56500
   0.56500
   0.56500
   0.06000
   0.08000
   0.18500
   0.18000
   0.56500
   0.56500
   0.56500
   0.56500
   0.08000
   0.07000
   0.18500
   0.18000
   0.56500
   0.56500
   0.56500
   0.56500
   0.08000
   0.00000
   0.00000
   0.00000
   0.00000
   0.00000
   0.00000
   0.00000
   0.00000
   0.00000
   0.00000
   0.00000
   0.00000
   0.00000
   0.00000
   0.00000
   0.00000
   0.00000
   0.00000
   0.00000
   0.00000
   0.00000
   0.00000
   0.00000
   0.00000
   0.00000
   0.00000
   0.00000
   0.00000
   0.00000
   0.00000
   0.00000
   0.00000
   0.00000
   0.00000
   0.00000
   0.00000
   0.00000
   0.00000
   0.00000

k =  26
sigma =  0.30000
sim =  0.0038659

Training ....